600 800
533.2679 430.1431
350.0114 306.7816
286.9210 121.7082
273.6075 201.9338
370.3732 515.2242
285.6680 166.9115
442.0156 385.4410
328.0833 495.9588
149.9328 255.3132
339.5485 612.1466
313.7673 318.1843
443.7072 536.3692
302.2707 290.5235
316.8999 685.7938
164.2801 146.6749
267.9062 393.0532
270.9135 226.2114
239.0237 309.1624
560.8974 357.1850
515.1929 376.5131
257.1301 527.5980
263.1760 313.8926
323.8229 343.3076
405.5835 613.1490
323.2904 616.7828
 97.3366 213.3051
376.7324 307.9094
392.1761 303.3671
445.6807 384.5952
293.7187 131.7011
562.4324 375.1348
117.6358 316.6806
509.2723 541.1621
102.3488 203.6881
369.9660 248.7974
421.5911 322.8205
113.5948 338.6401
424.6924 488.5032
403.8293 350.6692
283.0366  96.5222
450.0663 592.3799
364.5779 425.0683
338.7027 318.2782
499.9059 360.8502
219.0064 125.3733
275.3931 288.8632
435.2492 173.0513
460.2159 460.7798
 80.7339 298.9815
345.5631 502.0360
112.4357 317.5891
415.6392 554.7262
276.9594 395.3087
448.8133 192.0662
128.3179 336.3220
490.3515 636.0482
240.0888 251.0215
202.1844 162.5258
187.7432 304.7768
187.5239 537.1210
430.4876 611.9273
505.4505 362.5731
431.7407 529.2269
355.9320 446.7771
408.2463 153.2220
407.6824 379.0505
 44.2079 304.3069
 24.5039 333.8785
290.6488 629.6578
345.3438 122.8672
120.8311 326.0784
267.7809 181.1648
509.5542 407.2751
361.0381 115.8189
 67.4517 312.9215
360.6309 420.7140
140.7543 294.0946
282.9426  82.0183
409.7186 590.7510
159.6125 532.9547
279.3401  69.8012
 75.7844 296.0055
468.4233 568.0084
450.7242 457.0520
197.0470 261.2651
132.2024 332.7195
311.8564 385.9109
425.0369 328.8977
520.9569 519.8291
236.0164 133.2361
267.4676 674.6731
325.1073 468.0161
568.4469 376.9830
369.5901 389.2001
345.1245 263.0193
419.1790 337.5124
491.7924 491.0719
256.1590 661.7981
 89.7244 515.8507
429.8611 650.2076
225.6789 326.8615
377.5155  51.6635
457.9291 368.3997
296.3501 322.2253
141.4122 280.7185
443.7698 490.1322
158.4221 554.0997
261.7976 729.3055
388.0097 259.9181
451.0688 319.7192
271.1328 677.8057
119.0142 177.2803
522.1786 583.7340
138.0290 257.8819
264.8676 691.3071
150.3714  32.5547
400.8847 455.0472
115.3177 539.3452
139.5013 477.4765
340.5823 301.4562
288.4247 648.9545
114.9105 314.0806
120.6118 254.2168
426.7285 493.5467
485.8718 524.2774
544.4826 472.8403
324.1675 249.6119
517.1351 377.5155
396.8123 298.9188
558.6733 357.9368
278.6510 379.2698
 84.2424 316.9626
487.5008 476.8500
314.8011 153.4413
485.9972 158.9547
419.5862 563.1842
316.9626 363.5755
368.5250 316.4613
257.9759 120.7684
370.7491 448.6253
341.1148 327.0495
378.7059 437.0034
263.7398 677.5551
408.3089 427.6996
 86.6545 258.1012
142.9471 298.3863
395.4653 613.5249
499.5613 539.9404
242.4069 628.4674
348.5391 534.4897
404.5811 169.6368
393.9303 228.3102
376.8890 410.5644
233.1658 603.3753
465.1654  37.9427
345.8450 289.2705
311.2612 360.3803
420.6200 388.5109
473.3415 503.1324
235.4212 659.8559
468.8306 542.2272
514.8796 543.4489
527.2534 535.0848
280.9691 346.7535
463.5365 493.7660
451.9146 327.7700
164.6873 507.7373
 90.7895 325.4519
104.7295 461.3750
437.1287 555.2587
 94.3920 256.6289
364.8599 515.0676
480.5778 579.1291
439.8854 514.9110
410.4704 364.2020
407.4005 595.2619
304.4948  29.6727
420.1188 544.8585
 33.7450 251.9926
408.9981 331.6231
353.9271 484.0549
411.8487 631.8819
295.1911 407.5258
340.2690 385.6289
283.3185 586.0208
379.5517 314.7384
561.9312 401.0100
240.9972 706.4376
303.1478 386.6001
212.0521 640.3399
330.1508 638.2411
255.7517  80.5459
123.7130 257.7879
216.3124 695.7241
274.4533 440.9818
 35.7186 255.7831
321.0349 248.6094
 90.0064 220.7920
432.0853 691.0565
361.3514 343.1510
307.2829 320.3144
466.8570 537.7162
 24.6292 268.0315
145.7978 243.7226
214.6835  39.3837
250.8649 654.5305
267.3736 671.5718
477.2572 386.6940
421.9043  88.9413
282.3474 476.7560
335.8834 388.8242
473.1849 376.1685
310.7287 633.2602
384.4699 238.1466
 26.8220 267.3423
162.1813  86.2786
292.6850 338.9533
469.0812 639.9013
426.7599 613.4623
 40.3548 240.7466
313.3601 271.1014
400.0075 411.0656
371.1564 540.9115
 22.8436 282.6920
 84.4930 526.3762
476.1295 363.1369
150.9039 153.5353
345.1245 322.8205
 92.8883 254.4987
400.8533 116.9153
128.2240 577.2495
336.8232 602.1223
363.6068 661.7668
378.7059 380.0216
310.4468 344.5294
108.9899 278.8076
200.2422 153.0654
298.5429 323.8856
361.7273 521.2388
487.2189 496.1467
246.2287 468.0161
126.9396 286.3258
332.3436 632.2891
294.3453 249.4239
126.0312 339.2040
211.5196 236.7682
196.2325 128.7252
191.0324 203.0302
280.7185 343.0570
163.6222 133.3614
297.0080 352.2669
354.0524 209.5460
313.7047 410.7523
116.1635  62.9408
 65.3216 282.4414
413.6030 350.7319
332.3123 382.6217
359.2839 329.4929
362.1345 562.6516
373.1926 657.3499
 53.9502 266.1833
 70.8036 256.4409
454.8905 341.3341
282.0342 365.1731
282.5980 454.4520
 29.9859 265.5881
415.1380 684.1022
121.9588 318.9674
 59.6829 294.9404
221.5752 134.8964
110.2116 344.9992
435.7191 374.4769
354.7416 640.4965
 33.1812 255.7831
401.2919 349.3222
 96.7728 330.2134
318.7481 262.5495
396.3737 358.6573
449.2205 663.5211
566.9433 387.6025
367.3033 314.5191
332.0303 506.7976
441.3577 561.5239
299.3574 611.3008
500.2818 469.8956
334.8810 220.3848
490.0069 159.1740
448.3747 461.3437
424.4731 358.6887
 96.0209 292.0585
356.6838 230.0332
202.8423 632.5397
256.0963 233.3224
281.8149 326.7049
335.3195  92.6377
155.9161 325.9844
381.8072 427.6683
384.6578 336.8858
410.1571 331.5918
161.8680  74.1241
221.0113 112.3731
154.4124 565.6589
126.7203 316.4927
148.0846 143.3857
229.2813 510.4627
127.0962 299.8899
344.9992 348.8837
115.2550 237.4574
284.1643 342.0546
280.3739  57.2081
348.9776 317.7144
352.2355 147.7087
278.6510 334.9123
 70.1457 337.3871
403.6727 571.2976
272.4171 315.7408
366.0816 322.5072
 62.9721 274.3907
275.8630 262.5808
332.4062 306.7503
303.4924 303.3984
303.3045 129.1324
400.9786 597.4547
175.8080 158.2342
137.8410 331.7484
115.6936 314.1746
307.6588 289.2705
434.1841 653.9353
463.4112 331.8424
 49.9719 400.3834
343.9342 648.0147
118.4816 339.4546
355.9007 256.6602
103.5705 284.4776
189.6541 337.8883
326.6109 596.8909
248.0142 643.6918
155.4462 583.8593
447.9675 380.3349
268.6893 170.7959
240.5587 279.3401
382.7470 581.2592
316.5553 690.2107
296.6007 456.0496
448.6880 527.5666
459.4015 101.1584
258.2265 717.8715
352.8307 456.2375
504.9807 613.7755
 22.9376 270.2243
379.3324 130.8867
243.0961 735.6020
338.5461 265.9327
466.9510 454.1387
319.1554 354.4910
343.0257 507.9879
113.5008 200.9314
 94.5486 250.3010
391.4869 634.7012
198.1121 448.9073
281.9715  47.0272
236.7996 670.2248
427.2298 162.7138
445.0855 465.6666
326.2664 310.9793
399.7256 463.3798
367.7105 429.9864
374.4769 430.5503
160.5210  61.3745
330.3074 327.8013
 43.2994 279.7474
399.3184 470.2715
484.4309 553.5045
 64.0372 389.3567
116.9153 287.7981
135.8988 320.4084
239.4309 625.1468
381.6192 502.0673
432.3672 133.1108
346.8475 627.9975
227.4958 569.2301
294.4392 686.1070
358.9393 525.0292
443.4879 443.3939
464.0690 374.5083
498.7468 658.1643
267.8435 557.4202
366.3948 457.0833
280.8125 661.6728
327.1122 491.9491
190.1553 527.8172
383.0915 654.7185
448.8446  59.6829
152.4702  90.9461
446.1506 655.4390
216.3437 534.3330
495.4576 621.7323
206.5701 685.2926
 92.3871 244.0672
296.1935 684.6034
219.0064 216.9076
227.3391 659.2607
354.9922 254.4674
371.7829 601.9343
326.8615 451.4134
306.2491 424.9743
401.9184 483.4911
 69.6132 293.2488
323.9482 307.8467
288.7379 320.7530
440.2613 518.2628
373.7251 421.4658
305.8105 653.1209
409.3113 369.9347
290.8054 386.3808
256.7228 624.7709
307.3142 507.6747
171.3597 426.5093
329.5869 609.2646
461.4063 617.2840
567.1626 416.5163
392.9905  93.2016
117.2912 343.2763
423.1887 330.7146
 92.0425 193.4445
525.0292 508.3638
274.7979 311.3865
405.9595 164.6560
442.9240 375.2287
379.3011  85.3701
 55.9238 300.1405
 62.2516 305.5913
497.6504 611.0815
348.3198  78.5411
111.0260 331.1532
362.7924 635.8603
169.9501 398.9111
160.1764 498.4022
412.1933  95.0812
159.9884 319.8445
295.3164 198.8012
274.1087 691.6517
265.7447 402.4510
 41.9524 303.9310
452.8543 672.8249
424.4417 419.7429
337.9196 488.1586
289.3958 189.0276
332.2183 336.3220
292.7163 351.7030
275.9569 418.3019
490.9466 585.6762
542.1019 374.7275
271.3207 626.3372
129.2577 590.6257
336.9485 302.7406
377.1083 122.4913
305.2467 410.9403
275.4871 568.9482
382.0265 392.3953
503.2891 549.5261
267.2483 240.0261
464.1630 365.1418
325.2639 303.4298
359.9417 625.8360
309.1624  30.5498
208.5436 269.0026
270.1303 307.7527
428.1382 217.6594
375.9492 352.9247
 92.4811 401.9811
419.6176 196.4831
355.6501 104.7609
467.2643 699.7338
441.2638 691.1192
397.7207 426.1020
498.5588 475.0018
 96.3969 325.7025
257.0988 730.9031
334.0665 338.8594
204.0013  61.9697
325.2326 522.0533
250.5830 311.8251
 76.4736 297.2586
321.1289 419.3669
334.5051 226.2114
361.9466  69.4566
139.3760 301.0177
127.6288  74.0302
481.9561 634.5446
 18.3014 271.0075
330.4327 437.8806
435.6877 384.3446
430.4250 349.5102
136.2747 188.4324
223.9559 491.6985
420.1814 695.3169
488.9418 496.1154
323.6350 291.0874
208.0111 170.1380

